[
  {
    "id": "ducking",
    "original": "original.mp4",
    "kind": "video",
    "duration": 3,
    "frames": 90,
    "width": 320,
    "height": 240,
    "rotation": 0,
    "hasAudio": true,
    "videoCodec": "h264",
    "pixelFormat": "yuv420p",
    "audioCodec": "aac",
    "sourceFps": "30/1",
    "nominalFps": "30/1",
    "size": 32155,
    "sha256": "49d2f2c2832a6abebcb270a9eb81c23ed06e600f818849ceeb6db2341213df96",
    "normalizationVersion": "edit-media-v2-20260910",
    "work": "work.mp4",
    "proxy": "work.mp4",
    "preparation": "remux",
    "thumbnails": [
      {
        "file": "thumbs/0001.jpg",
        "time": 0
      }
    ],
    "fileHashes": {
      "thumbs/0001.jpg": "592133de85f886a01bd3512ed9c48b63efcd70ea4100707007eaca318812b19b",
      "speech.mp3": "6b1e7d7afe5fc1c304abf0cee82ff9afa240cbbce11afcbe4bef675da52b3799"
    },
    "status": "ready",
    "analysisReady": true,
    "preparationCacheHit": true,
    "preparationMs": 101,
    "sceneBoundaries": [],
    "sceneDetector": "ffmpeg-scene-0.3",
    "speech": "speech.mp3",
    "waveform": [
      0.124,
      0.124,
      0.126,
      0.126,
      0.125,
      0.125,
      0.125,
      0.125,
      0.125,
      0.125,
      0.125,
      0.124,
      0.125,
      0.125,
      0.125,
      0.125,
      0.125,
      0.125,
      0.125,
      0.125,
      0.125,
      0.125,
      0.125,
      0.125,
      0.125,
      0.125,
      0.125,
      0.125,
      0.125,
      0.124,
      0.125,
      0.125,
      0.125,
      0.125,
      0.125,
      0.125,
      0.125,
      0.125,
      0.125,
      0.125,
      0.125,
      0.125,
      0.125,
      0.125,
      0.125,
      0.125,
      0.125,
      0.125,
      0.125,
      0.125,
      0.125,
      0.125,
      0.125,
      0.125,
      0.125,
      0.125,
      0.125,
      0.125,
      0.125,
      0.125,
      0.125,
      0.125,
      0.125,
      0.125,
      0.125,
      0.125,
      0.125,
      0.125,
      0.125,
      0.125,
      0.124,
      0.125,
      0.125,
      0.125,
      0.125,
      0.125,
      0.125,
      0.125,
      0.125,
      0.125,
      0.125,
      0.125,
      0.125,
      0.125,
      0.125,
      0.125,
      0.125,
      0.125,
      0.125,
      0.125,
      0.125,
      0.125,
      0.125,
      0.125,
      0.125,
      0.125,
      0.125,
      0.125,
      0.125,
      0.125,
      0.125,
      0.125,
      0.125,
      0.125,
      0.125,
      0.125,
      0.125,
      0.125,
      0.125,
      0.125,
      0.125,
      0.124,
      0.125,
      0.125,
      0.125,
      0.125,
      0.125,
      0.125,
      0.125,
      0.125,
      0.125,
      0.125,
      0.125,
      0.125,
      0.125,
      0.125,
      0.125,
      0.125,
      0.125,
      0.124,
      0.125,
      0.125,
      0.125,
      0.125,
      0.125,
      0.125,
      0.125,
      0.125,
      0.125,
      0.125,
      0.125,
      0.125,
      0.125,
      0.125,
      0.125,
      0.125,
      0.125,
      0.125,
      0.125,
      0.125,
      0.125,
      0.125,
      0.125,
      0.125,
      0.125,
      0.125,
      0.125,
      0.125,
      0.125,
      0.125,
      0.125,
      0.125,
      0.125,
      0.125,
      0.125,
      0.125,
      0.125,
      0.125,
      0.125,
      0.125,
      0.124,
      0.125,
      0.125,
      0.125,
      0.125,
      0.125,
      0.125,
      0.125,
      0.125,
      0.125,
      0.125,
      0.125,
      0.125,
      0.125,
      0.125,
      0.125,
      0.125,
      0.125,
      0.125,
      0.125,
      0.125,
      0.125,
      0.125,
      0.125,
      0.125,
      0.125,
      0.125,
      0.125,
      0.125,
      0.125,
      0.125,
      0.125,
      0.125,
      0.125,
      0.125,
      0.125,
      0.125,
      0.125,
      0.125,
      0.125,
      0.125,
      0.124,
      0.125,
      0.125,
      0.125,
      0.125,
      0.125,
      0.125,
      0.125,
      0.125,
      0.125,
      0.125,
      0.125,
      0.125,
      0.125,
      0.125,
      0.125,
      0.125,
      0.125,
      0.124,
      0.125,
      0.125,
      0.125,
      0.125,
      0.125,
      0.125,
      0.125,
      0.125,
      0.125,
      0.125,
      0.125,
      0.125,
      0.125,
      0.125,
      0.125,
      0.125,
      0.125,
      0.125,
      0.125,
      0.125,
      0.125,
      0.125,
      0.125,
      0.125,
      0.125,
      0.125,
      0.125,
      0.125,
      0.125,
      0.125,
      0.125,
      0.125,
      0.125,
      0.125,
      0.125,
      0.125,
      0.125,
      0.125,
      0.125,
      0.125,
      0.124,
      0.125,
      0.125,
      0.125,
      0.125,
      0.125,
      0.125,
      0.125,
      0.125,
      0.125,
      0.125,
      0.125,
      0.125,
      0.125,
      0.125,
      0.125,
      0.125,
      0.125,
      0.125,
      0.125,
      0.125,
      0.125,
      0.125,
      0.125,
      0.125,
      0.125,
      0.125,
      0.125,
      0.125,
      0.125,
      0.125,
      0.125,
      0.125,
      0.125,
      0.125,
      0.125,
      0.125,
      0.125,
      0.125,
      0.125,
      0.125,
      0.124,
      0.125,
      0.125,
      0.125,
      0.125,
      0.125,
      0.125,
      0.125,
      0.125,
      0.125,
      0.125,
      0.125,
      0.125,
      0.125,
      0.125,
      0.125,
      0.125,
      0.125,
      0.124,
      0.125,
      0.125,
      0.125,
      0.125,
      0.125,
      0.125,
      0.125,
      0.125,
      0.125,
      0.125,
      0.125,
      0.125,
      0.125,
      0.125,
      0.125,
      0.125,
      0.125,
      0.125,
      0.125,
      0.125,
      0.125,
      0.125,
      0.125,
      0.125,
      0.125,
      0.125,
      0.125,
      0.125,
      0.125,
      0.125,
      0.125,
      0.125,
      0.125,
      0.125,
      0.125,
      0.125,
      0.125,
      0.125,
      0.125,
      0.125,
      0.124,
      0.125,
      0.125,
      0.125,
      0.125,
      0.125,
      0.125,
      0.125,
      0.125,
      0.125,
      0.125,
      0.125,
      0.125,
      0.125,
      0.125,
      0.125,
      0.125,
      0.125,
      0.125,
      0.125,
      0.125,
      0.125,
      0.125,
      0.125,
      0.001
    ],
    "silenceRanges": [],
    "analysisCacheHit": true,
    "analysisMs": 18,
    "analysis": {
      "transcript": {
        "words": [
          {
            "text": "speech",
            "start": 1,
            "end": 2
          }
        ]
      }
    }
  }
]