[
  {
    "id": "source",
    "original": "original.mp4",
    "name": "source",
    "kind": "video",
    "duration": 8,
    "frames": 240,
    "width": 640,
    "height": 360,
    "rotation": 0,
    "hasAudio": true,
    "videoCodec": "h264",
    "pixelFormat": "yuv420p",
    "audioCodec": "aac",
    "sourceFps": "30/1",
    "nominalFps": "30/1",
    "size": 2050702,
    "sha256": "f6b0c1ac3c964eefc55e8315e3577c2624776a91f6ec8736ffce2660356529d1",
    "normalizationVersion": "edit-media-v2-20260910",
    "work": "work.mp4",
    "proxy": "work.mp4",
    "preparation": "remux",
    "thumbnails": [
      {
        "file": "thumbs/0001.jpg",
        "time": 0
      },
      {
        "file": "thumbs/0002.jpg",
        "time": 5
      }
    ],
    "fileHashes": {
      "thumbs/0001.jpg": "d22f00613cc04719c1ec6eff12ac2b5af4c583a0d5fc5d74838ba847ef960710",
      "thumbs/0002.jpg": "7c90a46cc998d9604626692ba790a6a4811fc189b2f3a32ca0e5ae88fc0b4b32",
      "speech.mp3": "2f2444d43cd6aa8971bf075a5dbb8d0945982074c3a135f6f76481ccb4ee4899"
    },
    "status": "ready",
    "analysisReady": true,
    "preparationCacheHit": true,
    "preparationMs": 877,
    "sceneBoundaries": [],
    "sceneDetector": "ffmpeg-scene-0.3",
    "speech": "speech.mp3",
    "waveform": [
      0.126,
      0.126,
      0.125,
      0.125,
      0.125,
      0.125,
      0.125,
      0.125,
      0.125,
      0.125,
      0.125,
      0.125,
      0.125,
      0.125,
      0.125,
      0.125,
      0.125,
      0.125,
      0.125,
      0.125,
      0.125,
      0.125,
      0.125,
      0.125,
      0.125,
      0.125,
      0.125,
      0.125,
      0.125,
      0.125,
      0.125,
      0.125,
      0.125,
      0.125,
      0.125,
      0.125,
      0.125,
      0.125,
      0.125,
      0.125,
      0.125,
      0.125,
      0.125,
      0.125,
      0.125,
      0.125,
      0.125,
      0.125,
      0.125,
      0.125,
      0.125,
      0.125,
      0.125,
      0.125,
      0.125,
      0.125,
      0.125,
      0.125,
      0.125,
      0.125,
      0.125,
      0.125,
      0.125,
      0.125,
      0.125,
      0.125,
      0.125,
      0.125,
      0.125,
      0.125,
      0.125,
      0.125,
      0.125,
      0.125,
      0.125,
      0.125,
      0.125,
      0.125,
      0.125,
      0.125,
      0.125,
      0.125,
      0.125,
      0.125,
      0.125,
      0.125,
      0.125,
      0.125,
      0.125,
      0.125,
      0.125,
      0.125,
      0.125,
      0.125,
      0.125,
      0.125,
      0.125,
      0.125,
      0.125,
      0.125,
      0.125,
      0.125,
      0.125,
      0.125,
      0.125,
      0.125,
      0.125,
      0.125,
      0.125,
      0.125,
      0.125,
      0.125,
      0.125,
      0.125,
      0.125,
      0.125,
      0.125,
      0.125,
      0.125,
      0.125,
      0.125,
      0.125,
      0.125,
      0.125,
      0.125,
      0.125,
      0.125,
      0.125,
      0.125,
      0.125,
      0.125,
      0.125,
      0.125,
      0.125,
      0.125,
      0.125,
      0.125,
      0.125,
      0.125,
      0.125,
      0.125,
      0.125,
      0.125,
      0.125,
      0.125,
      0.125,
      0.125,
      0.125,
      0.125,
      0.125,
      0.125,
      0.125,
      0.125,
      0.125,
      0.125,
      0.125,
      0.125,
      0.125,
      0.125,
      0.125,
      0.125,
      0.125,
      0.125,
      0.125,
      0.125,
      0.125,
      0.125,
      0.125,
      0.125,
      0.125,
      0.125,
      0.125,
      0.125,
      0.125,
      0.125,
      0.125,
      0.125,
      0.125,
      0.125,
      0.125,
      0.125,
      0.125,
      0.125,
      0.125,
      0.125,
      0.125,
      0.125,
      0.125,
      0.125,
      0.125,
      0.125,
      0.125,
      0.125,
      0.125,
      0.125,
      0.125,
      0.125,
      0.125,
      0.125,
      0.125,
      0.125,
      0.125,
      0.125,
      0.125,
      0.125,
      0.125,
      0.125,
      0.125,
      0.125,
      0.125,
      0.125,
      0.125,
      0.125,
      0.125,
      0.125,
      0.125,
      0.125,
      0.125,
      0.125,
      0.125,
      0.125,
      0.125,
      0.125,
      0.125,
      0.125,
      0.125,
      0.125,
      0.125,
      0.125,
      0.125,
      0.125,
      0.125,
      0.125,
      0.125,
      0.125,
      0.125,
      0.125,
      0.125,
      0.125,
      0.125,
      0.125,
      0.125,
      0.125,
      0.125,
      0.125,
      0.125,
      0.125,
      0.125,
      0.125,
      0.125,
      0.125,
      0.125,
      0.125,
      0.125,
      0.125,
      0.125,
      0.125,
      0.125,
      0.125,
      0.125,
      0.125,
      0.125,
      0.125,
      0.125,
      0.125,
      0.125,
      0.125,
      0.125,
      0.125,
      0.125,
      0.125,
      0.125,
      0.125,
      0.125,
      0.125,
      0.125,
      0.125,
      0.125,
      0.125,
      0.125,
      0.125,
      0.125,
      0.125,
      0.125,
      0.125,
      0.125,
      0.125,
      0.125,
      0.125,
      0.125,
      0.125,
      0.125,
      0.125,
      0.125,
      0.125,
      0.125,
      0.125,
      0.125,
      0.125,
      0.125,
      0.125,
      0.125,
      0.125,
      0.125,
      0.125,
      0.125,
      0.125,
      0.125,
      0.125,
      0.125,
      0.125,
      0.125,
      0.125,
      0.125,
      0.125,
      0.125,
      0.125,
      0.125,
      0.125,
      0.125,
      0.125,
      0.125,
      0.125,
      0.125,
      0.125,
      0.125,
      0.125,
      0.125,
      0.125,
      0.125,
      0.125,
      0.125,
      0.125,
      0.125,
      0.125,
      0.125,
      0.125,
      0.125,
      0.125,
      0.125,
      0.125,
      0.125,
      0.125,
      0.125,
      0.125,
      0.125,
      0.125,
      0.125,
      0.125,
      0.125,
      0.125,
      0.125,
      0.125,
      0.125,
      0.125,
      0.125,
      0.125,
      0.125,
      0.125,
      0.125,
      0.125,
      0.125,
      0.125,
      0.125,
      0.125,
      0.125,
      0.125,
      0.125,
      0.125,
      0.125,
      0.125,
      0.125,
      0.125,
      0.125,
      0.125,
      0.125,
      0.125,
      0.125,
      0.125,
      0.125,
      0.125,
      0.125,
      0.125,
      0.125,
      0.125,
      0.125,
      0.125,
      0.125,
      0.125,
      0.125,
      0.125,
      0.125,
      0.125,
      0.125,
      0.125,
      0.125,
      0.125,
      0.125,
      0.125,
      0.125
    ],
    "silenceRanges": [],
    "analysisCacheHit": true,
    "analysisMs": 56
  },
  {
    "id": "blue",
    "original": "original.mp4",
    "name": "blue",
    "kind": "video",
    "duration": 4,
    "frames": 120,
    "width": 640,
    "height": 360,
    "rotation": 0,
    "hasAudio": false,
    "videoCodec": "h264",
    "pixelFormat": "yuv420p",
    "audioCodec": null,
    "sourceFps": "30/1",
    "nominalFps": "30/1",
    "size": 3945,
    "sha256": "bffd6a8af92c54946aef8f9b879debad7a56f28f10fd51fd8dac92fcb5284872",
    "normalizationVersion": "edit-media-v2-20260910",
    "work": "work.mp4",
    "proxy": "work.mp4",
    "preparation": "remux",
    "thumbnails": [
      {
        "file": "thumbs/poster.jpg",
        "time": 0
      }
    ],
    "fileHashes": {
      "work.mp4": "285f8edfe52b7ff2f51c446cec24209ce5bbfa5b0b2cb1042f21ff91133bf4ed",
      "thumbs/poster.jpg": "4a118f984624fbb9f85327fc4084afebf417e8cb056254666886d007bc5d76a1"
    },
    "status": "ready",
    "analysisReady": false,
    "preparationCacheHit": true,
    "preparationMs": 759
  }
]