[
  {
    "id": "source",
    "original": "original.mp4",
    "name": "source",
    "kind": "video",
    "duration": 8,
    "frames": 240,
    "width": 640,
    "height": 360,
    "rotation": 0,
    "hasAudio": true,
    "videoCodec": "h264",
    "pixelFormat": "yuv420p",
    "audioCodec": "aac",
    "sourceFps": "30/1",
    "nominalFps": "30/1",
    "size": 2017263,
    "sha256": "83ca467b4d4cecb3798958b21fe45e0cc5fa69a9294c9187b4472055eb4882d7",
    "normalizationVersion": "edit-media-v2-20260910",
    "work": "work.mp4",
    "proxy": "work.mp4",
    "preparation": "remux",
    "thumbnails": [
      {
        "file": "thumbs/0001.jpg",
        "time": 0
      },
      {
        "file": "thumbs/0002.jpg",
        "time": 5
      }
    ],
    "fileHashes": {
      "thumbs/0001.jpg": "9ca5abdcee4ca52d29751dad7b7c15348f7630a85ee9893a37d81014961d4b67",
      "thumbs/0002.jpg": "d7ac97a36d4124dfdb9465db437990df5af639237406535da553a04243657f8d",
      "speech.mp3": "fa64ca2352b4832cbdd2736e28aa37dd12dc452b1f7991e8e7f14b18b95e4d7b"
    },
    "status": "ready",
    "analysisReady": true,
    "preparationCacheHit": true,
    "preparationMs": 151,
    "sceneBoundaries": [],
    "sceneDetector": "ffmpeg-scene-0.3",
    "speech": "speech.mp3",
    "waveform": [
      0.126,
      0.126,
      0.125,
      0.125,
      0.125,
      0.125,
      0.125,
      0.125,
      0.125,
      0.125,
      0.125,
      0.125,
      0.125,
      0.125,
      0.125,
      0.125,
      0.125,
      0.125,
      0.125,
      0.125,
      0.125,
      0.125,
      0.125,
      0.125,
      0.125,
      0.125,
      0.125,
      0.125,
      0.125,
      0.125,
      0.125,
      0.125,
      0.125,
      0.125,
      0.125,
      0.125,
      0.125,
      0.125,
      0.125,
      0.125,
      0.125,
      0.125,
      0.125,
      0.125,
      0.125,
      0.125,
      0.125,
      0.125,
      0.125,
      0.125,
      0.125,
      0.125,
      0.125,
      0.125,
      0.125,
      0.125,
      0.125,
      0.125,
      0.125,
      0.125,
      0.125,
      0.125,
      0.125,
      0.125,
      0.125,
      0.125,
      0.125,
      0.125,
      0.125,
      0.125,
      0.125,
      0.125,
      0.125,
      0.125,
      0.125,
      0.125,
      0.125,
      0.125,
      0.125,
      0.125,
      0.125,
      0.125,
      0.125,
      0.125,
      0.125,
      0.125,
      0.125,
      0.125,
      0.125,
      0.125,
      0.125,
      0.125,
      0.125,
      0.125,
      0.125,
      0.125,
      0.125,
      0.125,
      0.125,
      0.125,
      0.125,
      0.125,
      0.125,
      0.125,
      0.125,
      0.125,
      0.125,
      0.125,
      0.125,
      0.125,
      0.125,
      0.125,
      0.125,
      0.125,
      0.125,
      0.125,
      0.125,
      0.125,
      0.125,
      0.125,
      0.125,
      0.125,
      0.125,
      0.125,
      0.125,
      0.125,
      0.125,
      0.125,
      0.125,
      0.125,
      0.125,
      0.125,
      0.125,
      0.125,
      0.125,
      0.125,
      0.125,
      0.125,
      0.125,
      0.125,
      0.125,
      0.125,
      0.125,
      0.125,
      0.125,
      0.125,
      0.125,
      0.125,
      0.125,
      0.125,
      0.125,
      0.125,
      0.125,
      0.125,
      0.125,
      0.125,
      0.125,
      0.125,
      0.125,
      0.125,
      0.125,
      0.125,
      0.125,
      0.125,
      0.125,
      0.125,
      0.125,
      0.125,
      0.125,
      0.125,
      0.125,
      0.125,
      0.125,
      0.125,
      0.125,
      0.125,
      0.125,
      0.125,
      0.125,
      0.125,
      0.125,
      0.125,
      0.125,
      0.125,
      0.125,
      0.125,
      0.125,
      0.125,
      0.125,
      0.125,
      0.125,
      0.125,
      0.125,
      0.125,
      0.125,
      0.125,
      0.125,
      0.125,
      0.125,
      0.125,
      0.125,
      0.125,
      0.125,
      0.125,
      0.125,
      0.125,
      0.125,
      0.125,
      0.125,
      0.125,
      0.125,
      0.125,
      0.125,
      0.125,
      0.125,
      0.125,
      0.125,
      0.125,
      0.125,
      0.125,
      0.125,
      0.125,
      0.125,
      0.125,
      0.125,
      0.125,
      0.125,
      0.125,
      0.125,
      0.125,
      0.125,
      0.125,
      0.125,
      0.125,
      0.125,
      0.125,
      0.125,
      0.125,
      0.125,
      0.125,
      0.125,
      0.125,
      0.125,
      0.125,
      0.125,
      0.125,
      0.125,
      0.125,
      0.125,
      0.125,
      0.125,
      0.125,
      0.125,
      0.125,
      0.125,
      0.125,
      0.125,
      0.125,
      0.125,
      0.125,
      0.125,
      0.125,
      0.125,
      0.125,
      0.125,
      0.125,
      0.125,
      0.125,
      0.125,
      0.125,
      0.125,
      0.125,
      0.125,
      0.125,
      0.125,
      0.125,
      0.125,
      0.125,
      0.125,
      0.125,
      0.125,
      0.125,
      0.125,
      0.125,
      0.125,
      0.125,
      0.125,
      0.125,
      0.125,
      0.125,
      0.125,
      0.125,
      0.125,
      0.125,
      0.125,
      0.125,
      0.125,
      0.125,
      0.125,
      0.125,
      0.125,
      0.125,
      0.125,
      0.125,
      0.125,
      0.125,
      0.125,
      0.125,
      0.125,
      0.125,
      0.125,
      0.125,
      0.125,
      0.125,
      0.125,
      0.125,
      0.125,
      0.125,
      0.125,
      0.125,
      0.125,
      0.125,
      0.125,
      0.125,
      0.125,
      0.125,
      0.125,
      0.125,
      0.125,
      0.125,
      0.125,
      0.125,
      0.125,
      0.125,
      0.125,
      0.125,
      0.125,
      0.125,
      0.125,
      0.125,
      0.125,
      0.125,
      0.125,
      0.125,
      0.125,
      0.125,
      0.125,
      0.125,
      0.125,
      0.125,
      0.125,
      0.125,
      0.125,
      0.125,
      0.125,
      0.125,
      0.125,
      0.125,
      0.125,
      0.125,
      0.125,
      0.125,
      0.125,
      0.125,
      0.125,
      0.125,
      0.125,
      0.125,
      0.125,
      0.125,
      0.125,
      0.125,
      0.125,
      0.125,
      0.125,
      0.125,
      0.125,
      0.125,
      0.125,
      0.125,
      0.125,
      0.125,
      0.125,
      0.125,
      0.125,
      0.125,
      0.125,
      0.125,
      0.125,
      0.125,
      0.125,
      0.125,
      0.125,
      0.125,
      0.125,
      0.125,
      0.125,
      0.125,
      0.125,
      0.125
    ],
    "silenceRanges": [],
    "analysisCacheHit": true,
    "analysisMs": 4
  },
  {
    "id": "blue",
    "original": "original.mp4",
    "name": "blue",
    "kind": "video",
    "duration": 4,
    "frames": 120,
    "width": 640,
    "height": 360,
    "rotation": 0,
    "hasAudio": false,
    "videoCodec": "h264",
    "pixelFormat": "yuv420p",
    "audioCodec": null,
    "sourceFps": "30/1",
    "nominalFps": "30/1",
    "size": 3951,
    "sha256": "0e49488c4021b22220735daf2555f2b8a6adcb56b223c3af6769dba907489afe",
    "normalizationVersion": "edit-media-v2-20260910",
    "work": "work.mp4",
    "proxy": "work.mp4",
    "preparation": "remux",
    "thumbnails": [
      {
        "file": "thumbs/poster.jpg",
        "time": 0
      }
    ],
    "fileHashes": {
      "work.mp4": "b9da5d1c47b0a0f77f03d83db5ae11760e501dfc65fe9a780d1151d4bb623f7c",
      "thumbs/poster.jpg": "394a768f038c1d212615957bf39b3102a1c20b4f36981a469cb9614f749469b9"
    },
    "status": "ready",
    "analysisReady": false,
    "preparationCacheHit": true,
    "preparationMs": 11
  }
]